# R script for Peak Model
#  -- generated by MACS
p <- c(0.035439320782277045,0.04097869583299521,0.046787511157997244,0.05245368163190781,0.05824664752901079,0.058349668810354624,0.05789003540128215,0.05812777681976791,0.057612670413048774,0.05753342327355352,0.05760474569909924,0.05795343311287836,0.058310045240607,0.05847646423354703,0.058920248214720444,0.0591896884890043,0.0591579896332062,0.0589994953542157,0.0589994953542157,0.05933233334009576,0.059134215491357625,0.05916591434715573,0.05883307636127566,0.0591262907774081,0.058444765377748925,0.05819117453136412,0.05876967864967946,0.0593164839121967,0.05935610748194433,0.05957799947253104,0.05964139718412724,0.059633472470177716,0.0598474397468149,0.05968102075387487,0.06021197658849306,0.06026744958613974,0.060441793293029296,0.0599742351700073,0.05996631045605778,0.05950667704698531,0.05960969832832914,0.05992668688631015,0.06035462143958452,0.06012480473504828,0.0599742351700073,0.05971271960967297,0.05949875233303579,0.05945120404933864,0.05957799947253104,0.059490827619086264,0.05949875233303579,0.059371956909843385,0.059062893065811896,0.05947497819118721,0.05953045118883389,0.06013272944899781,0.0598474397468149,0.06025952487219021,0.06042594386513024,0.06065576056966648,0.0606953841394141,0.06052104043252455,0.06064783585571695,0.06075085713706078,0.06091727613000081,0.060624061713868374,0.06064783585571695,0.06065576056966648,0.06029914844193784,0.06010103059319971,0.05998215988395683,0.060037632881603506,0.05960969832832914,0.05930855919824718,0.059364032195893854,0.05926101091455003,0.05949875233303579,0.05943535462143958,0.06001385873975493,0.06026744958613974,0.060338772011685464,0.060172353018745434,0.06037839558143309,0.06029122372798831,0.06018820244664449,0.060679534711515055,0.06071123356731315,0.061028222125294164,0.060845953704455086,0.061075770408991314,0.061265963543779924,0.06154332853201331,0.061368984825123755,0.061701822811003816,0.0612897376856285,0.06147200610646758,0.061479930820417104,0.06121049054613325,0.06128181297167897,0.06093312555789986,0.060956899699748435,0.06121841526008277,0.061598801529659984,0.061416533108820906,0.061765220522600014,0.06137690953907328,0.061535403818063786,0.06179691937839812,0.061416533108820906,0.061479930820417104,0.06117086697638562,0.06109954455083989,0.06085387841840461,0.061131243406637996,0.061361060111174225,0.06092520084395034,0.06098859855554654,0.06076670656495983,0.060671609997565525,0.06054481457437312,0.06105992098109227,0.061131243406637996,0.060845953704455086,0.06052104043252455,0.06046556743487787,0.0612263399740323,0.06109954455083989,0.06154332853201331,0.06189201594579242,0.06215353150612676,0.061812768806297165,0.061646349813357135,0.06231202578511726,0.06268448734074494,0.06281128276393735,0.06298562647082691,0.06303317475452407,0.06270826148259352,0.06270826148259352,0.06283505690578593,0.063167894891666,0.06346903402174794,0.06331846445670697,0.06340563631015175,0.06341356102410127,0.06313619603586788,0.0633897868822527,0.06334223859855555,0.06371470015418323,0.06398414042846709,0.06368300129838514,0.06371470015418323,0.06377809786577944,0.06354035644729368,0.06357205530309178,0.06368300129838514,0.06389696857502232,0.06407131228191187,0.0639207427168709,0.06337393745435364,0.06371470015418323,0.06350865759149557,0.06399998985636614,0.06456264454678244,0.06438037612594336,0.06440415026779193,0.06403168871216425,0.06422980656090238,0.06436452669804431,0.06495095553030918,0.06491133196056155,0.06537096536963402,0.06533926651383591,0.06510944980929968,0.06578305049500933,0.06587814706240364,0.06638532875517325,0.06656759717601234,0.06659137131786091,0.06682118802239714,0.06689251044794287,0.06713817658037816,0.06661514545970948,0.06657552188996187,0.0664011781830723,0.06607626491114177,0.06581474935080743,0.06579889992290838,0.06582267406475696,0.06535511594173497,0.06520454637669398,0.06500642852795585,0.06545021250912927,0.06520454637669398,0.06495888024425871,0.0651807722348454,0.06528379351618924,0.06514907337904731,0.06536304065568449,0.06528379351618924,0.0656166315020693,0.06545021250912927,0.06541058893938165,0.06598909305769698,0.06625060861803132,0.06659137131786091,0.06681326330844761,0.06693213401769049,0.06694798344558955,0.06748686399415726,0.06779592783818875,0.06815253996591739,0.06871519465633369,0.06855670037734318,0.06869142051448511,0.06900840907246612,0.06919860220725473,0.06949974133733669,0.0697533321837215,0.07002277245800535,0.07007824545565203,0.06987220289296438,0.06967408504422624,0.07001484774405584,0.0701020195975006,0.06986427817901485,0.06968993447212529,0.06973748275582245,0.06950766605128621,0.06911143035380996,0.06907973149801185,0.06918275277935568,0.06900048435851659,0.0694125694838919,0.06923030106305283,0.0693491717722957,0.0695631390489329,0.06926199991885093,0.06918275277935568,0.06962653676052909,0.06923030106305283,0.06938879534204333,0.06943634362574048,0.06860424866104033,0.06881821593767751,0.06848537795179745,0.06814461525196787,0.06846160380994888,0.06886576422137466,0.06892916193297087,0.06958691319078146,0.06937294591414428,0.06954728962103383,0.06990390174876247,0.0697850310395196,0.06995145003245963,0.07029221273228922,0.07020504087884444,0.07029221273228922,0.07007824545565203,0.06963446147447862,0.07018919145094539,0.07014956788119776,0.07049825529497687,0.07038730929968352,0.0705378788647245,0.07066467428791691,0.07094996399009981,0.07091826513430172,0.07110845826909032,0.07150469396656658,0.07136204911547513,0.0717265859571533,0.07186130609429522,0.07250320792420677,0.07305793790067354,0.07278057291244015,0.07319265803781547,0.07305793790067354,0.07328775460520977,0.07336700174470502,0.07365229144688794,0.07380286101192891,0.0742704191349509,0.07428626856284995,0.07413569899780897,0.07431004270469853,0.07399305414671752,0.0748330738253672,0.07464288069057859,0.0748330738253672,0.0749281703927615,0.07473005254402337,0.07430211799074901,0.07438136513024426,0.07482514911141767,0.07534818023208634,0.07553837336687495,0.07518176123914631,0.07572064178771402,0.07629122119207984,0.07683010174064757,0.07740860585896292,0.07836749624685548,0.0791282687860099,0.07957205276718332,0.08032490059238821,0.0812283179826341,0.0820128646636371,0.0828291102004382,0.08341553903270307,0.08391479601152317,0.08463594498092997,0.08468349326462712,0.08507180424815386,0.08513520195975006,0.08475481569017285,0.08461217083908139,0.08458047198328329,0.08450122484378804,0.08424763399740323,0.08421593514160512,0.08390687129757364,0.08390687129757364,0.08390687129757364,0.08436650470664611,0.08493708411101193,0.08531747038058914,0.08568993193621684,0.08604654406394546,0.08626843605453217,0.08626051134058264,0.08678354246125132,0.08719562758662663,0.08694203674024183,0.0870292085936866,0.08704505802158566,0.08698958502393897,0.08670429532175607,0.08635560790797696,0.08648240333116936,0.08664882232410939,0.08649032804511889,0.08622881248478455,0.08644277976142173,0.08628428548243122,0.08679939188915037,0.08726695001217236,0.0877820564188915,0.08813866854662014,0.08855075367199546,0.08878057037653168,0.08905001065081555,0.089192655501907,0.08960474062728231,0.08960474062728231,0.08954134291568612,0.08943039692039276,0.08952549348778706,0.08989003032946523,0.08969983719467663,0.09009607289215288,0.08996135275501095,0.09048438387567963,0.09084099600340827,0.0911659092753388,0.09115005984743975,0.09199800424003896,0.09244178822121236,0.09228329394222186,0.0928934969163353,0.09277462620709243,0.0930440664813763,0.092798400348941,0.09262405664205145,0.0927033037815467,0.09300444291162867,0.09246556236306094,0.09249726121885904,0.0926716049257486,0.09227536922827234,0.0921089502353323,0.09255273421650573,0.09285387334658768,0.09279047563499147,0.09298066876978009,0.09340860332305445,0.09373351659498498,0.0939871074413698,0.09466070812707944,0.09535808295463767,0.09616640377748925,0.09638829576807595,0.09680038089345128,0.09751360514890854,0.09777512070924288,0.09811588340907247,